bitcoin=0.15670283138751984
ethereum=0.7183430790901184
litecoin=0.1288059502840042
ripple=0.9897966980934143
